{"accessors" : [{"bufferView" : 0, "byteOffset" : 0, "componentType" : 5123, "count" : 672, "type" : "SCALAR", "max" : [113], "min" : [0]}, {"bufferView" : 1, "byteOffset" : 0, "componentType" : 5126, "count" : 114, "type" : "VEC3", "max" : [1, 1, 1], "min" : [-1, -1, -1]}, {"bufferView" : 1, "byteOffset" : 12, "componentType" : 5126, "count" : 114, "type" : "VEC3", "max" : [1.0000044107437134, 1.0000044107437134, 1.0000044107437134], "min" : [-1.0000044107437134, -1.0000044107437134, -1.0000044107437134]}, {"bufferView" : 0, "byteOffset" : 1344, "componentType" : 5123, "count" : 672, "type" : "SCALAR", "max" : [113], "min" : [0]}, {"bufferView" : 2, "byteOffset" : 0, "componentType" : 5126, "count" : 114, "type" : "VEC3", "max" : [1, 1, 1], "min" : [-1, -1, -1]}, {"bufferView" : 2, "byteOffset" : 12, "componentType" : 5126, "count" : 114, "type" : "VEC3", "max" : [1.0000044107437134, 1.0000044107437134, 1.0000044107437134], "min" : [-1.0000044107437134, -1.0000044107437134, -1.0000044107437134]}, {"bufferView" : 0, "byteOffset" : 2688, "componentType" : 5123, "count" : 672, "type" : "SCALAR", "max" : [113], "min" : [0]}, {"bufferView" : 3, "byteOffset" : 0, "componentType" : 5126, "count" : 114, "type" : "VEC3", "max" : [1, 1, 1], "min" : [-1, -1, -1]}, {"bufferView" : 3, "byteOffset" : 12, "componentType" : 5126, "count" : 114, "type" : "VEC3", "max" : [1.0000044107437134, 1.0000044107437134, 1.0000044107437134], "min" : [-1.0000044107437134, -1.0000044107437134, -1.0000044107437134]}, {"bufferView" : 0, "byteOffset" : 4032, "componentType" : 5123, "count" : 672, "type" : "SCALAR", "max" : [113], "min" : [0]}, {"bufferView" : 4, "byteOffset" : 0, "componentType" : 5126, "count" : 114, "type" : "VEC3", "max" : [1, 1, 1], "min" : [-1, -1, -1]}, {"bufferView" : 4, "byteOffset" : 12, "componentType" : 5126, "count" : 114, "type" : "VEC3", "max" : [1.0000044107437134, 1.0000044107437134, 1.0000044107437134], "min" : [-1.0000044107437134, -1.0000044107437134, -1.0000044107437134]}, {"bufferView" : 0, "byteOffset" : 5376, "componentType" : 5123, "count" : 672, "type" : "SCALAR", "max" : [113], "min" : [0]}, {"bufferView" : 5, "byteOffset" : 0, "componentType" : 5126, "count" : 114, "type" : "VEC3", "max" : [1, 1, 1], "min" : [-1, -1, -1]}, {"bufferView" : 5, "byteOffset" : 12, "componentType" : 5126, "count" : 114, "type" : "VEC3", "max" : [1.0000044107437134, 1.0000044107437134, 1.0000044107437134], "min" : [-1.0000044107437134, -1.0000044107437134, -1.0000044107437134]}, {"bufferView" : 0, "byteOffset" : 6720, "componentType" : 5123, "count" : 672, "type" : "SCALAR", "max" : [113], "min" : [0]}, {"bufferView" : 6, "byteOffset" : 0, "componentType" : 5126, "count" : 114, "type" : "VEC3", "max" : [1, 1, 1], "min" : [-1, -1, -1]}, {"bufferView" : 6, "byteOffset" : 12, "componentType" : 5126, "count" : 114, "type" : "VEC3", "max" : [1.0000044107437134, 1.0000044107437134, 1.0000044107437134], "min" : [-1.0000044107437134, -1.0000044107437134, -1.0000044107437134]}, {"bufferView" : 0, "byteOffset" : 8064, "componentType" : 5123, "count" : 672, "type" : "SCALAR", "max" : [113], "min" : [0]}, {"bufferView" : 7, "byteOffset" : 0, "componentType" : 5126, "count" : 114, "type" : "VEC3", "max" : [1, 1, 1], "min" : [-1, -1, -1]}, {"bufferView" : 7, "byteOffset" : 12, "componentType" : 5126, "count" : 114, "type" : "VEC3", "max" : [1.0000044107437134, 1.0000044107437134, 1.0000044107437134], "min" : [-1.0000044107437134, -1.0000044107437134, -1.0000044107437134]}, {"bufferView" : 0, "byteOffset" : 9408, "componentType" : 5123, "count" : 672, "type" : "SCALAR", "max" : [113], "min" : [0]}, {"bufferView" : 8, "byteOffset" : 0, "componentType" : 5126, "count" : 114, "type" : "VEC3", "max" : [1, 1, 1], "min" : [-1, -1, -1]}, {"bufferView" : 8, "byteOffset" : 12, "componentType" : 5126, "count" : 114, "type" : "VEC3", "max" : [1.0000044107437134, 1.0000044107437134, 1.0000044107437134], "min" : [-1.0000044107437134, -1.0000044107437134, -1.0000044107437134]}, {"bufferView" : 0, "byteOffset" : 10752, "componentType" : 5123, "count" : 672, "type" : "SCALAR", "max" : [113], "min" : [0]}, {"bufferView" : 9, "byteOffset" : 0, "componentType" : 5126, "count" : 114, "type" : "VEC3", "max" : [1, 1, 1], "min" : [-1, -1, -1]}, {"bufferView" : 9, "byteOffset" : 12, "componentType" : 5126, "count" : 114, "type" : "VEC3", "max" : [1.0000044107437134, 1.0000044107437134, 1.0000044107437134], "min" : [-1.0000044107437134, -1.0000044107437134, -1.0000044107437134]}, {"bufferView" : 0, "byteOffset" : 12096, "componentType" : 5123, "count" : 672, "type" : "SCALAR", "max" : [113], "min" : [0]}, {"bufferView" : 10, "byteOffset" : 0, "componentType" : 5126, "count" : 114, "type" : "VEC3", "max" : [1, 1, 1], "min" : [-1, -1, -1]}, {"bufferView" : 10, "byteOffset" : 12, "componentType" : 5126, "count" : 114, "type" : "VEC3", "max" : [1.0000044107437134, 1.0000044107437134, 1.0000044107437134], "min" : [-1.0000044107437134, -1.0000044107437134, -1.0000044107437134]}, {"bufferView" : 0, "byteOffset" : 13440, "componentType" : 5123, "count" : 672, "type" : "SCALAR", "max" : [113], "min" : [0]}, {"bufferView" : 11, "byteOffset" : 0, "componentType" : 5126, "count" : 114, "type" : "VEC3", "max" : [1, 1, 1], "min" : [-1, -1, -1]}, {"bufferView" : 11, "byteOffset" : 12, "componentType" : 5126, "count" : 114, "type" : "VEC3", "max" : [1.0000044107437134, 1.0000044107437134, 1.0000044107437134], "min" : [-1.0000044107437134, -1.0000044107437134, -1.0000044107437134]}, {"bufferView" : 0, "byteOffset" : 14784, "componentType" : 5123, "count" : 672, "type" : "SCALAR", "max" : [113], "min" : [0]}, {"bufferView" : 12, "byteOffset" : 0, "componentType" : 5126, "count" : 114, "type" : "VEC3", "max" : [1, 1, 1], "min" : [-1, -1, -1]}, {"bufferView" : 12, "byteOffset" : 12, "componentType" : 5126, "count" : 114, "type" : "VEC3", "max" : [1.0000044107437134, 1.0000044107437134, 1.0000044107437134], "min" : [-1.0000044107437134, -1.0000044107437134, -1.0000044107437134]}, {"bufferView" : 0, "byteOffset" : 16128, "componentType" : 5123, "count" : 672, "type" : "SCALAR", "max" : [113], "min" : [0]}, {"bufferView" : 13, "byteOffset" : 0, "componentType" : 5126, "count" : 114, "type" : "VEC3", "max" : [1, 1, 1], "min" : [-1, -1, -1]}, {"bufferView" : 13, "byteOffset" : 12, "componentType" : 5126, "count" : 114, "type" : "VEC3", "max" : [1.0000044107437134, 1.0000044107437134, 1.0000044107437134], "min" : [-1.0000044107437134, -1.0000044107437134, -1.0000044107437134]}, {"bufferView" : 0, "byteOffset" : 17472, "componentType" : 5123, "count" : 672, "type" : "SCALAR", "max" : [113], "min" : [0]}, {"bufferView" : 14, "byteOffset" : 0, "componentType" : 5126, "count" : 114, "type" : "VEC3", "max" : [1, 1, 1], "min" : [-1, -1, -1]}, {"bufferView" : 14, "byteOffset" : 12, "componentType" : 5126, "count" : 114, "type" : "VEC3", "max" : [1.0000044107437134, 1.0000044107437134, 1.0000044107437134], "min" : [-1.0000044107437134, -1.0000044107437134, -1.0000044107437134]}, {"bufferView" : 0, "byteOffset" : 18816, "componentType" : 5123, "count" : 672, "type" : "SCALAR", "max" : [113], "min" : [0]}, {"bufferView" : 15, "byteOffset" : 0, "componentType" : 5126, "count" : 114, "type" : "VEC3", "max" : [1, 1, 1], "min" : [-1, -1, -1]}, {"bufferView" : 15, "byteOffset" : 12, "componentType" : 5126, "count" : 114, "type" : "VEC3", "max" : [1.0000044107437134, 1.0000044107437134, 1.0000044107437134], "min" : [-1.0000044107437134, -1.0000044107437134, -1.0000044107437134]}, {"bufferView" : 0, "byteOffset" : 20160, "componentType" : 5123, "count" : 672, "type" : "SCALAR", "max" : [113], "min" : [0]}, {"bufferView" : 16, "byteOffset" : 0, "componentType" : 5126, "count" : 114, "type" : "VEC3", "max" : [1, 1, 1], "min" : [-1, -1, -1]}, {"bufferView" : 16, "byteOffset" : 12, "componentType" : 5126, "count" : 114, "type" : "VEC3", "max" : [1.0000044107437134, 1.0000044107437134, 1.0000044107437134], "min" : [-1.0000044107437134, -1.0000044107437134, -1.0000044107437134]}, {"bufferView" : 0, "byteOffset" : 21504, "componentType" : 5123, "count" : 672, "type" : "SCALAR", "max" : [113], "min" : [0]}, {"bufferView" : 17, "byteOffset" : 0, "componentType" : 5126, "count" : 114, "type" : "VEC3", "max" : [1, 1, 1], "min" : [-1, -1, -1]}, {"bufferView" : 17, "byteOffset" : 12, "componentType" : 5126, "count" : 114, "type" : "VEC3", "max" : [1.0000044107437134, 1.0000044107437134, 1.0000044107437134], "min" : [-1.0000044107437134, -1.0000044107437134, -1.0000044107437134]}, {"bufferView" : 0, "byteOffset" : 22848, "componentType" : 5123, "count" : 672, "type" : "SCALAR", "max" : [113], "min" : [0]}, {"bufferView" : 18, "byteOffset" : 0, "componentType" : 5126, "count" : 114, "type" : "VEC3", "max" : [1, 1, 1], "min" : [-1, -1, -1]}, {"bufferView" : 18, "byteOffset" : 12, "componentType" : 5126, "count" : 114, "type" : "VEC3", "max" : [1.0000044107437134, 1.0000044107437134, 1.0000044107437134], "min" : [-1.0000044107437134, -1.0000044107437134, -1.0000044107437134]}, {"bufferView" : 0, "byteOffset" : 24192, "componentType" : 5123, "count" : 3426, "type" : "SCALAR", "max" : [585], "min" : [0]}, {"bufferView" : 19, "byteOffset" : 0, "componentType" : 5126, "count" : 586, "type" : "VEC3", "max" : [22.990938186645508, 18.58912467956543, 59.87503433227539], "min" : [-5.789440155029297, -18.590259552001953, 37.7978401184082]}, {"bufferView" : 19, "byteOffset" : 12, "componentType" : 5126, "count" : 586, "type" : "VEC3", "max" : [0.992445707321167, 0.9987305402755737, 0.9957152605056763], "min" : [-0.935597836971283, -0.9970699548721313, -0.9971325397491455]}, {"bufferView" : 19, "byteOffset" : 24, "componentType" : 5126, "count" : 586, "type" : "VEC3", "max" : [0.946628212928772, 0.9779611825942993, 0.9899454712867737], "min" : [-0.9986411929130554, -0.9964269995689392, -0.9217672348022461]}, {"bufferView" : 19, "byteOffset" : 36, "componentType" : 5126, "count" : 586, "type" : "VEC3", "max" : [0.9970723390579224, 0.9620180726051331, 0.9468305110931396], "min" : [-0.9483229517936707, -0.9981967806816101, -0.9798272848129272]}, {"bufferView" : 19, "byteOffset" : 48, "componentType" : 5126, "count" : 586, "type" : "VEC2", "max" : [0.9963876605033875, -0.004887580871582031], "min" : [0.00561459269374609, -0.9847770929336548]}, {"bufferView" : 0, "byteOffset" : 31044, "componentType" : 5123, "count" : 132, "type" : "SCALAR", "max" : [39], "min" : [0]}, {"bufferView" : 20, "byteOffset" : 0, "componentType" : 5126, "count" : 40, "type" : "VEC3", "max" : [4.213771343231201, 14.778002738952637, 61.2386589050293], "min" : [-7.631139278411865, -14.779138565063477, 53.64515686035156]}, {"bufferView" : 20, "byteOffset" : 12, "componentType" : 5126, "count" : 40, "type" : "VEC3", "max" : [0.6151631474494934, 0.9419888257980347, 0.9405966401100159], "min" : [-0.9701566100120544, -0.9419880509376526, -0.5831201672554016]}, {"bufferView" : 20, "byteOffset" : 24, "componentType" : 5126, "count" : 40, "type" : "VEC3", "max" : [0.5784078240394592, 0.9958565831184387, 0.9695193767547607], "min" : [-0.43696561455726624, -0.5711778998374939, -0.11483120173215866]}, {"bufferView" : 20, "byteOffset" : 36, "componentType" : 5126, "count" : 40, "type" : "VEC3", "max" : [0.9837400317192078, 0.30196312069892883, 0.19301962852478027], "min" : [0.14029516279697418, -0.8014175891876221, -0.9795812368392944]}, {"bufferView" : 20, "byteOffset" : 48, "componentType" : 5126, "count" : 40, "type" : "VEC2", "max" : [1.065567970275879, 0.2759031057357788], "min" : [-0.06560245901346207, -1.3090771436691284]}, {"bufferView" : 0, "byteOffset" : 31308, "componentType" : 5123, "count" : 1776, "type" : "SCALAR", "max" : [1760], "min" : [0]}, {"bufferView" : 21, "byteOffset" : 0, "componentType" : 5126, "count" : 1761, "type" : "VEC3", "max" : [6.728670597076416, 7.549011707305908, 63.62715530395508], "min" : [-8.433631896972656, -7.550145149230957, 34.077980041503906]}, {"bufferView" : 21, "byteOffset" : 12, "componentType" : 5126, "count" : 1761, "type" : "VEC3", "max" : [0.9994434118270874, 0.9992751479148865, 0.9978241324424744], "min" : [-0.9977515339851379, -0.9992751479148865, -0.9994403719902039]}, {"bufferView" : 21, "byteOffset" : 24, "componentType" : 5126, "count" : 1761, "type" : "VEC3", "max" : [0.9994403719902039, 0.9883971810340881, 1.0000011920928955], "min" : [-0.9857086539268494, -0.9883971810340881, -0.7875773906707764]}, {"bufferView" : 21, "byteOffset" : 36, "componentType" : 5126, "count" : 1761, "type" : "VEC3", "max" : [0.9777580499649048, 1.0000044107437134, 0.9979610443115234], "min" : [-1.0000044107437134, -1.0000044107437134, -0.9963038563728333]}, {"bufferView" : 21, "byteOffset" : 48, "componentType" : 5126, "count" : 1761, "type" : "VEC2", "max" : [0.9500603675842285, -0.004887580871582031], "min" : [0.00975712202489376, -0.9965553283691406]}, {"bufferView" : 0, "byteOffset" : 34860, "componentType" : 5123, "count" : 1350, "type" : "SCALAR", "max" : [243], "min" : [0]}, {"bufferView" : 22, "byteOffset" : 0, "componentType" : 5126, "count" : 244, "type" : "VEC3", "max" : [7.8684916496276855, 4.581384658813477, 70.36248016357422], "min" : [-5.539602756500244, -4.582520008087158, 59.8363151550293]}, {"bufferView" : 22, "byteOffset" : 12, "componentType" : 5126, "count" : 244, "type" : "VEC3", "max" : [1.0000044107437134, 0.9775769114494324, 0.9999140501022339], "min" : [-0.9946995973587036, -0.9939951300621033, -0.9635182023048401]}, {"bufferView" : 22, "byteOffset" : 24, "componentType" : 5126, "count" : 244, "type" : "VEC3", "max" : [0.9999955296516418, 0.8474317789077759, 1.0000044107437134], "min" : [-0.9560384750366211, -1.0000038146972656, -0.965411365032196]}, {"bufferView" : 22, "byteOffset" : 36, "componentType" : 5126, "count" : 244, "type" : "VEC3", "max" : [0.5166316628456116, 1.0000044107437134, 0.9987106919288635], "min" : [-0.9962823987007141, -1.0000044107437134, -0.999943196773529]}, {"bufferView" : 22, "byteOffset" : 48, "componentType" : 5126, "count" : 244, "type" : "VEC2", "max" : [0.9965429902076721, -0.3493339419364929], "min" : [0.533994734287262, -0.9004189968109131]}, {"bufferView" : 0, "byteOffset" : 37560, "componentType" : 5123, "count" : 198, "type" : "SCALAR", "max" : [47], "min" : [0]}, {"bufferView" : 23, "byteOffset" : 0, "componentType" : 5126, "count" : 48, "type" : "VEC3", "max" : [6.002003192901611, 3.4797112941741943, 66.8878173828125], "min" : [2.069254159927368, -3.4808449745178223, 62.9130859375]}, {"bufferView" : 23, "byteOffset" : 12, "componentType" : 5126, "count" : 48, "type" : "VEC3", "max" : [0.9895288348197937, 0.9678844213485718, 0.365283727645874], "min" : [0.16770264506340027, -0.9850257635116577, -0.3241508901119232]}, {"bufferView" : 23, "byteOffset" : 24, "componentType" : 5126, "count" : 48, "type" : "VEC3", "max" : [1.0000038146972656, 0.21487922966480255, 0.9967969059944153], "min" : [-0.21714626252651215, -0.8474302887916565, -0.22306667268276215]}, {"bufferView" : 23, "byteOffset" : 36, "componentType" : 5126, "count" : 48, "type" : "VEC3", "max" : [0.0661613866686821, 0.8914962410926819, 0.8271216750144958], "min" : [-0.9962821006774902, -0.8364911675453186, -0.28196656703948975]}, {"bufferView" : 23, "byteOffset" : 48, "componentType" : 5126, "count" : 48, "type" : "VEC2", "max" : [0.21850629150867462, -0.007040143013000488], "min" : [0.12008658796548843, -0.13911575078964233]}, {"bufferView" : 0, "byteOffset" : 37956, "componentType" : 5123, "count" : 2376, "type" : "SCALAR", "max" : [2365], "min" : [0]}, {"bufferView" : 24, "byteOffset" : 0, "componentType" : 5126, "count" : 2366, "type" : "VEC3", "max" : [8.396358489990234, 11.584115028381348, 40.19493865966797], "min" : [-5.490996360778809, -11.585250854492188, -0.02234886772930622]}, {"bufferView" : 24, "byteOffset" : 12, "componentType" : 5126, "count" : 2366, "type" : "VEC3", "max" : [0.9987207055091858, 0.9999824166297913, 0.9952875375747681], "min" : [-0.9908196330070496, -0.999982476234436, -1.0000044107437134]}, {"bufferView" : 24, "byteOffset" : 24, "componentType" : 5126, "count" : 2366, "type" : "VEC3", "max" : [0.9659988880157471, 0.9960870146751404, 0.9999825358390808], "min" : [-0.985101044178009, -0.9960870146751404, -0.5537676811218262]}, {"bufferView" : 24, "byteOffset" : 36, "componentType" : 5126, "count" : 2366, "type" : "VEC3", "max" : [0.9998152852058411, 0.999243438243866, 0.8250812292098999], "min" : [-1.0000041723251343, -0.999243438243866, -0.8236600160598755]}, {"bufferView" : 24, "byteOffset" : 48, "componentType" : 5126, "count" : 2366, "type" : "VEC2", "max" : [0.9679422974586487, -0.007548034191131592], "min" : [0.006374054122716188, -0.9300701022148132]}], "asset" : {"generator" : "Aspose.3D 20.5.1", "version" : "2.0"}, "buffers" : [{"uri" : "buffer.bin", "byteLength" : 374576}], "bufferViews" : [{"buffer" : 0, "byteOffset" : 0, "byteLength" : 42708, "target" : 34963}, {"buffer" : 0, "byteOffset" : 42712, "byteLength" : 2736, "byteStride" : 24, "target" : 34962}, {"buffer" : 0, "byteOffset" : 45452, "byteLength" : 2736, "byteStride" : 24, "target" : 34962}, {"buffer" : 0, "byteOffset" : 48192, "byteLength" : 2736, "byteStride" : 24, "target" : 34962}, {"buffer" : 0, "byteOffset" : 50932, "byteLength" : 2736, "byteStride" : 24, "target" : 34962}, {"buffer" : 0, "byteOffset" : 53672, "byteLength" : 2736, "byteStride" : 24, "target" : 34962}, {"buffer" : 0, "byteOffset" : 56412, "byteLength" : 2736, "byteStride" : 24, "target" : 34962}, {"buffer" : 0, "byteOffset" : 59152, "byteLength" : 2736, "byteStride" : 24, "target" : 34962}, {"buffer" : 0, "byteOffset" : 61892, "byteLength" : 2736, "byteStride" : 24, "target" : 34962}, {"buffer" : 0, "byteOffset" : 64632, "byteLength" : 2736, "byteStride" : 24, "target" : 34962}, {"buffer" : 0, "byteOffset" : 67372, "byteLength" : 2736, "byteStride" : 24, "target" : 34962}, {"buffer" : 0, "byteOffset" : 70112, "byteLength" : 2736, "byteStride" : 24, "target" : 34962}, {"buffer" : 0, "byteOffset" : 72852, "byteLength" : 2736, "byteStride" : 24, "target" : 34962}, {"buffer" : 0, "byteOffset" : 75592, "byteLength" : 2736, "byteStride" : 24, "target" : 34962}, {"buffer" : 0, "byteOffset" : 78332, "byteLength" : 2736, "byteStride" : 24, "target" : 34962}, {"buffer" : 0, "byteOffset" : 81072, "byteLength" : 2736, "byteStride" : 24, "target" : 34962}, {"buffer" : 0, "byteOffset" : 83812, "byteLength" : 2736, "byteStride" : 24, "target" : 34962}, {"buffer" : 0, "byteOffset" : 86552, "byteLength" : 2736, "byteStride" : 24, "target" : 34962}, {"buffer" : 0, "byteOffset" : 89292, "byteLength" : 2736, "byteStride" : 24, "target" : 34962}, {"buffer" : 0, "byteOffset" : 92032, "byteLength" : 32816, "byteStride" : 56, "target" : 34962}, {"buffer" : 0, "byteOffset" : 124852, "byteLength" : 2240, "byteStride" : 56, "target" : 34962}, {"buffer" : 0, "byteOffset" : 127096, "byteLength" : 98616, "byteStride" : 56, "target" : 34962}, {"buffer" : 0, "byteOffset" : 225716, "byteLength" : 13664, "byteStride" : 56, "target" : 34962}, {"buffer" : 0, "byteOffset" : 239384, "byteLength" : 2688, "byteStride" : 56, "target" : 34962}, {"buffer" : 0, "byteOffset" : 242076, "byteLength" : 132496, "byteStride" : 56, "target" : 34962}], "materials" : [{"pbrMetallicRoughness" : {"baseColorFactor" : [0.5879999995231628, 0.5879999995231628, 0.5879999995231628, 1], "baseColorTexture" : {"texCoord" : 0}, "metallicFactor" : 0, "roughnessFactor" : 0}, "emissiveFactor" : [0, 0, 0], "alphaMode" : "OPAQUE", "doubleSided" : false}, {"pbrMetallicRoughness" : {"baseColorFactor" : [0.5879999995231628, 0.5879999995231628, 0.5879999995231628, 1], "metallicFactor" : 0, "roughnessFactor" : 0}, "emissiveFactor" : [0, 0, 0], "alphaMode" : "OPAQUE", "doubleSided" : false}, {"pbrMetallicRoughness" : {"baseColorFactor" : [0.5879999995231628, 0.5879999995231628, 0.5879999995231628, 1], "baseColorTexture" : {"texCoord" : 0}, "metallicFactor" : 0, "roughnessFactor" : 0}, "emissiveFactor" : [0, 0, 0], "alphaMode" : "OPAQUE", "doubleSided" : false}, {"pbrMetallicRoughness" : {"baseColorFactor" : [0.5879999995231628, 0.5879999995231628, 0.5879999995231628, 1], "baseColorTexture" : {"texCoord" : 0}, "metallicFactor" : 0, "roughnessFactor" : 0}, "emissiveFactor" : [0, 0, 0], "alphaMode" : "OPAQUE", "doubleSided" : false}, {"pbrMetallicRoughness" : {"baseColorFactor" : [0.5879999995231628, 0.5879999995231628, 0.5879999995231628, 1], "baseColorTexture" : {"texCoord" : 0}, "metallicFactor" : 0, "roughnessFactor" : 0}, "emissiveFactor" : [0, 0, 0], "alphaMode" : "OPAQUE", "doubleSided" : false}, {"pbrMetallicRoughness" : {"baseColorFactor" : [0.5879999995231628, 0.5879999995231628, 0.5879999995231628, 1], "baseColorTexture" : {"texCoord" : 0}, "metallicFactor" : 0, "roughnessFactor" : 0}, "emissiveFactor" : [0, 0, 0], "alphaMode" : "OPAQUE", "doubleSided" : false}], "meshes" : [{"primitives" : [{"attributes" : {"POSITION" : 1, "NORMAL" : 2}, "indices" : 0, "mode" : 4}]}, {"primitives" : [{"attributes" : {"POSITION" : 4, "NORMAL" : 5}, "indices" : 3, "mode" : 4}]}, {"primitives" : [{"attributes" : {"POSITION" : 7, "NORMAL" : 8}, "indices" : 6, "mode" : 4}]}, {"primitives" : [{"attributes" : {"POSITION" : 10, "NORMAL" : 11}, "indices" : 9, "mode" : 4}]}, {"primitives" : [{"attributes" : {"POSITION" : 13, "NORMAL" : 14}, "indices" : 12, "mode" : 4}]}, {"primitives" : [{"attributes" : {"POSITION" : 16, "NORMAL" : 17}, "indices" : 15, "mode" : 4}]}, {"primitives" : [{"attributes" : {"POSITION" : 19, "NORMAL" : 20}, "indices" : 18, "mode" : 4}]}, {"primitives" : [{"attributes" : {"POSITION" : 22, "NORMAL" : 23}, "indices" : 21, "mode" : 4}]}, {"primitives" : [{"attributes" : {"POSITION" : 25, "NORMAL" : 26}, "indices" : 24, "mode" : 4}]}, {"primitives" : [{"attributes" : {"POSITION" : 28, "NORMAL" : 29}, "indices" : 27, "mode" : 4}]}, {"primitives" : [{"attributes" : {"POSITION" : 31, "NORMAL" : 32}, "indices" : 30, "mode" : 4}]}, {"primitives" : [{"attributes" : {"POSITION" : 34, "NORMAL" : 35}, "indices" : 33, "mode" : 4}]}, {"primitives" : [{"attributes" : {"POSITION" : 37, "NORMAL" : 38}, "indices" : 36, "mode" : 4}]}, {"primitives" : [{"attributes" : {"POSITION" : 40, "NORMAL" : 41}, "indices" : 39, "mode" : 4}]}, {"primitives" : [{"attributes" : {"POSITION" : 43, "NORMAL" : 44}, "indices" : 42, "mode" : 4}]}, {"primitives" : [{"attributes" : {"POSITION" : 46, "NORMAL" : 47}, "indices" : 45, "mode" : 4}]}, {"primitives" : [{"attributes" : {"POSITION" : 49, "NORMAL" : 50}, "indices" : 48, "mode" : 4}]}, {"primitives" : [{"attributes" : {"POSITION" : 52, "NORMAL" : 53}, "indices" : 51, "mode" : 4}]}, {"primitives" : [{"attributes" : {"POSITION" : 55, "NORMAL" : 56, "BINORMAL" : 57, "TANGENT" : 58, "TEXCOORD_0" : 59}, "indices" : 54, "material" : 0, "mode" : 4}, {"attributes" : {"POSITION" : 61, "NORMAL" : 62, "BINORMAL" : 63, "TANGENT" : 64, "TEXCOORD_0" : 65}, "indices" : 60, "material" : 1, "mode" : 4}]}, {"primitives" : [{"attributes" : {"POSITION" : 67, "NORMAL" : 68, "BINORMAL" : 69, "TANGENT" : 70, "TEXCOORD_0" : 71}, "indices" : 66, "material" : 2, "mode" : 4}]}, {"primitives" : [{"attributes" : {"POSITION" : 73, "NORMAL" : 74, "BINORMAL" : 75, "TANGENT" : 76, "TEXCOORD_0" : 77}, "indices" : 72, "material" : 3, "mode" : 4}, {"attributes" : {"POSITION" : 79, "NORMAL" : 80, "BINORMAL" : 81, "TANGENT" : 82, "TEXCOORD_0" : 83}, "indices" : 78, "material" : 4, "mode" : 4}]}, {"primitives" : [{"attributes" : {"POSITION" : 85, "NORMAL" : 86, "BINORMAL" : 87, "TANGENT" : 88, "TEXCOORD_0" : 89}, "indices" : 84, "material" : 5, "mode" : 4}]}], "nodes" : [{"matrix" : [-1.228778152596001E-07, 0.9999999403944664, 1.3276258059842539E-06, 0, 1.471611293717491E-06, 1.3276255120434935E-06, -0.9999995827655224, 0, -1.0000002384174886, -1.2287589805358923E-07, -1.4716124217287584E-06, 0, 6.509592533111572, 5.351779460906982, -0.0029726028442382812, 1], "mesh" : 0, "name" : "#left_foot"}, {"children" : [0], "matrix" : [0.9525187960845122, 0.29482397727394605, 0.07607000933874826, 0, -0.2909658479849361, 0.9549823682980259, -0.05785802922931853, 0, -0.08970347870310423, 0.03297709539980005, 0.995422660945977, 0, 15.626056671142578, 4.76837158203125E-07, 0, 1], "name" : "l_foot"}, {"matrix" : [-0.11945526617274421, 0.9815538596116015, 0.1492727063326779, 0, 0.18039279144786252, 0.1693043067071469, -0.968914079020457, 0, -0.9763141569147263, -0.08881419549426561, -0.19728959051052014, 0, 11.830286026000977, -4.396262168884277, -0.7325406074523926, 1], "mesh" : 1, "name" : "#target_leg_l"}, {"children" : [1, 2], "matrix" : [0.8937987892471736, -0.4484675331547729, 1.4500134939555695E-08, 0, 0.44846758661628494, 0.8937988957963241, -7.742116187370707E-09, 0, -9.488120808677028E-09, 1.3422740196839141E-08, 0.9999999403953551, 0, 18.032176971435547, -9.5367431640625E-07, 4.76837158203125E-07, 1], "name" : "l_calf"}, {"matrix" : [0.3323804398117074, 0.9250452887925243, 0.18388545583316868, 0, 0.21319213427147804, 0.11623336851128672, -0.9700714202064993, 0, -0.9187340063316906, 0.3616358489737846, -0.15857874743308112, 0, 2.8536529541015625, -0.5506820678710938, 0.6877083778381348, 1], "mesh" : 2, "name" : "#target_leg_l"}, {"children" : [3, 4], "matrix" : [-0.9894003911755236, 0.14499570980888687, 0.00795917692550319, 0, 0.14049344411987133, 0.9419370528471721, 0.3049859325469187, 0, 0.03672459935924077, 0.3028713409334175, -0.9523236081517128, 0, -7.62939453125E-06, 5.643973054247908E-06, 4.218650817871094, 1], "name" : "l_thigh"}, {"matrix" : [-2.8871066037879203E-08, 0.9999999403944022, 1.380308868809385E-06, 0, 1.5827806763015748E-06, 1.3803088321112101E-06, -0.9999998807885053, 0, -1.0000001192080366, -2.8868886503300124E-08, -1.5827810936894844E-06, 0, 6.50895881652832, 5.359615325927734, 0.1218118667602539, 1], "mesh" : 3, "name" : "#right_foot"}, {"children" : [6], "matrix" : [0.9525188424795064, 0.2948238199240472, -0.07607003823850972, 0, -0.2909656463567557, 0.9549824008807951, 0.05785850540886578, 0, 0.08970362937210084, -0.03297755465204157, 0.9954225123962376, 0, 15.626049041748047, 1.1920928955078125E-06, 9.5367431640625E-07, 1], "name" : "r_foot"}, {"matrix" : [-0.11945419500644999, 0.9815545296557792, -0.1492691575587472, 0, -0.18039360813501326, -0.16930066425545154, -0.968914563429973, 0, -0.9763140206902191, -0.08881372317038608, 0.1972898730267377, 0, 11.838783264160156, -4.178369045257568, 1.6706581115722656, 1], "mesh" : 4, "name" : "#target_leg_r"}, {"children" : [7, 8], "matrix" : [0.8937988600003505, -0.44846765795788646, -7.2500674916902E-08, 0, 0.4484676579578849, 0.8937988600003535, -3.7657873617762153E-08, 0, 8.168937845128035E-08, 1.1443569020800367E-09, 0.9999998807907071, 0, 18.032161712646484, 0, 0, 1], "name" : "r_calf"}, {"matrix" : [0.3323816160389293, 0.9250458245658101, -0.1838812827475199, 0, -0.21319201077413638, -0.11622881219215435, -0.9700719932719656, 0, -0.9187335690257272, 0.36163620343130093, 0.15858009677913146, 0, 3.023792266845703, -0.2421245574951172, 0.8280658721923828, 1], "mesh" : 5, "name" : "#target_leg_r"}, {"children" : [9, 10], "matrix" : [-0.9894004301264119, 0.14499543378898894, -0.007959363329184769, 0, 0.14049305063735568, 0.9419355402318565, -0.30499078541707325, 0, -0.03672505527987968, -0.3028761773001808, -0.9523220524269707, 0, 7.62939453125E-06, -5.643985787173733E-06, -4.218654155731201, 1], "name" : "r_thigh"}, {"matrix" : [0.9745258444678655, -0.16809404440063994, 0.14846863721465428, 0, -0.17097779249804235, -0.9852518858913186, 0.0067846205466299495, 0, 0.1451385764568639, -0.031996633635200916, -0.9888939515836285, 0, 3.8586387634277344, 0.10564804077148438, 0.039772987365722656, 1], "mesh" : 6, "name" : "#left_hand"}, {"children" : [12], "matrix" : [0.9899944748941014, -0.050146275790007785, -0.13189273921329356, 0, -0.12209558731509229, 0.16411905815219704, -0.9788553727328728, 0, 0.07073209312811705, 0.9851653432257431, 0.15635438703737708, 0, 11.379947662353516, 3.814697265625E-06, 3.814697265625E-06, 1], "name" : "l_hand"}, {"children" : [13], "matrix" : [0.9192357985593653, -0.39370774067259035, 5.8388759555383794E-08, 0, 0.3937076468053596, 0.9192355793965004, 4.178005727823901E-08, 0, -7.012215299671778E-08, -1.5417622272622224E-08, 0.9999999403953527, 0, 10.85972785949707, -9.5367431640625E-07, 3.814697265625E-06, 1], "name" : "l_forearm"}, {"children" : [14], "matrix" : [0.4515180473693545, -0.6775957702893648, -0.5805130704693289, 0, 0.4693604143936996, 0.7336898013488189, -0.49132469670027723, 0, 0.7588360556758476, -0.050627887637993495, 0.6493108180142625, 0, 3.042567014694214, -2.384185791015625E-07, -7.62939453125E-06, 1], "name" : "l_upperarm"}, {"children" : [15], "matrix" : [-0.9229967544453954, 0.313451982903721, 0.22321479721781748, 0, -0.384682668282029, -0.766384177999104, -0.5144650600550937, 0, 0.00980819801251905, -0.5607165781854231, 0.8279498515117754, 0, 6.349315643310547, 0.0017852187156677246, 5.980273723602295, 1], "name" : "l_clavicle"}, {"matrix" : [0.20791048959037492, 0.9781479779341812, 3.958211828314027E-07, 0, 4.0189325026087534E-08, -4.132063353880527E-07, 0.9999999403952691, 0, 0.9781478613299488, -0.20791046480548236, -1.252210310997981E-07, 0, 5.088954925537109, 14.410840034484863, -0.10478735715150833, 1], "mesh" : 7, "name" : "#drop"}, {"matrix" : [0.7049517015314432, 0.6965285755421342, -0.1337582908823303, 0, 0.5363091587420794, -0.40007863649991166, 0.7431752496258535, 0, 0.4641289356990673, -0.5956384177148693, -0.6555907308595654, 0, 4.859188079833984, 14.33615779876709, 6.496458530426025, 1], "mesh" : 8, "name" : "#drop_left"}, {"matrix" : [0.7049517986306197, 0.6965283375012363, 0.13375901870083812, 0, -0.5363087288352186, 0.40007745455826954, 0.743176196147348, 0, 0.464129284982704, -0.5956394899603519, 0.6555895093892334, 0, 4.859188079833984, 14.336164474487305, -5.503541946411133, 1], "mesh" : 9, "name" : "#drop_right"}, {"matrix" : [0.20791016594951098, 0.9781480467257514, -1.947775545453092E-07, 0, 2.525608073242137E-06, -3.3770148818422587E-07, 0.9999999403921092, 0, 0.9781479301181903, -0.20791014116450807, -2.5406300250274683E-06, 0, 3.3319015502929688, 2.236562728881836, 4.090515613555908, 1], "mesh" : 10, "name" : "#flashlight"}, {"matrix" : [-1.4901159417490393E-06, 1.0000001192081795, -1.0536029750093873E-08, 0, 2.245709807040936E-06, 1.053937396707964E-08, 0.9999999403928338, 0, 0.9999999999963685, 1.4901157402436027E-06, -2.2457099566608463E-06, 0, 3.952007293701172, 0.40482234954833984, -2.2190401068655774E-05, 1], "mesh" : 11, "name" : "#head"}, {"matrix" : [0.20791028000568132, 0.9781480224824721, -4.263850274330164E-07, 0, 2.52400679511645E-06, -1.0057982557949586E-07, 0.9999999403921649, 0, 0.9781479058749916, -0.2079102552212604, -2.489763686774893E-06, 0, 4.646984100341797, -0.1431741714477539, -2.5488603569101542E-05, 1], "mesh" : 12, "name" : "#target_head"}, {"children" : [17, 18, 19, 20, 21, 22], "matrix" : [0.9958281848394539, 0.09124815767651595, -1.0283260664347267E-08, 0, -0.09124814679888771, 0.9958280661274833, 1.8795213241729547E-08, 0, 1.1955388874903587E-08, -1.7778475667190205E-08, 0.999999940395355, 0, 1.7247505187988281, -9.5367431640625E-07, 6.812842912040651E-08, 1], "name" : "head"}, {"children" : [23], "matrix" : [0.990939019191945, 0.13431254685501173, 4.757556076094598E-07, 0, -0.1343125308437115, 0.9909389010629219, -2.5620646688107326E-08, 0, -4.7488602650943115E-07, -3.851145040278205E-08, 1.000000119209176, 0, 8.612804412841797, -0.0013619661331176758, 1.7366255633533E-07, 1], "name" : "neck"}, {"matrix" : [0.9745267827610498, -0.16809488831879996, -0.14846834779082993, 0, 0.1709790341163386, 0.9852512166294637, 0.00678902154360732, 0, 0.14513729071082382, -0.03200102941395287, 0.9888935158579814, 0, 4.653194427490234, 0.43299102783203125, -0.4439067840576172, 1], "mesh" : 13, "name" : "#right_hand"}, {"children" : [25], "matrix" : [0.9899949837192823, -0.050146447571759324, 0.13189382571771832, 0, -0.12209646771805936, 0.16411959712469545, 0.9788548071973185, 0, -0.07073243172960658, -0.9851648255468394, 0.15635482716899274, 0, 11.3799467086792, -1.9073486328125E-06, -1.1444091796875E-05, 1], "name" : "r_hand"}, {"children" : [26], "matrix" : [0.9192359328057332, -0.39370773001807907, 0, 0, 0.3937075657504523, 0.9192355492707055, 2.9802322428566035E-08, 0, -1.173340401325274E-08, -2.7395364024510346E-08, 0.9999999999999996, 0, 10.859725952148438, 0, 0, 1], "name" : "r_forearm"}, {"children" : [27], "matrix" : [0.45151803806952207, -0.6775958160541908, 0.5805130242843003, 0, 0.46936040229799536, 0.7336896261035616, 0.49132460600460315, 0, -0.7588359715488968, 0.0506279104941439, 0.649310822752766, 0, 3.042567253112793, -2.384185791015625E-07, 0, 1], "name" : "r_upperarm"}, {"children" : [28], "matrix" : [-0.9229845806009174, 0.31347510097469067, -0.2232326701938052, 0, -0.3847113927394731, -0.7663992757751186, 0.5144210881848292, 0, -0.00982715654660504, 0.5606830174629848, 0.8279723542132335, 0, 6.349311828613281, 0.0018178820610046387, -5.980274677276611, 1], "name" : "r_clavicle"}, {"matrix" : [0.0007961522159332102, 0.999999683070547, 6.74620968310613E-07, 0, -5.088425705939576E-07, -6.742159857149334E-07, 0.9999998807903538, 0, 0.9999998022798969, -0.0007961523111851757, 5.083057516884848E-07, 0, 1.7806930541992188, 0.9790983200073242, -2.5324998205178417E-06, 1], "mesh" : 14, "name" : "#body"}, {"matrix" : [-0.016656386151120417, 0.9998612727775154, -3.3435758134414684E-07, 0, 1.9303361532349116E-06, 3.6656081796685134E-07, 0.9999998807887802, 0, 0.9998613919684599, 0.016656388136038973, -1.936174403133338E-06, 0, 7.480907440185547, -1.9139134883880615, -2.4976194254122674E-05, 1], "mesh" : 15, "name" : "#target_main"}, {"children" : [16, 24, 29, 30, 31], "matrix" : [0.9969172077008898, 0.0784591777378283, -3.0152063550997323E-10, 0, -0.07845917773782819, 0.9969172077008883, 5.255030185116035E-08, 0, 4.42364563781276E-09, -5.2364655608870614E-08, 0.9999999999999987, 0, 7.4005279541015625, -0.006836891174316406, -4.862790774495807E-07, 1], "name" : "spine1"}, {"children" : [32], "matrix" : [0.9954723282881737, -0.09505304849963635, 1.4288918842943077E-06, 0, 0.09505304850439554, 0.9954723282816942, -3.7466343600439847E-06, 0, -1.0662930591615154E-06, 3.865490437618028E-06, 0.9999999999919605, 0, 3.7360267639160156, -0.005865644663572311, 3.242661477997899E-06, 1], "name" : "spine"}, {"matrix" : [0.9998478160242221, -0.017452312400949143, 1.4304574413927156E-06, 0, -1.3729669166444249E-06, 3.3061314453831854E-06, 1.0000001192028818, 0, -0.017452310325089072, -0.9998476968286458, 3.281666075216627E-06, 0, -8.070030212402344, 0.23318879306316376, -1.8886303223553114E-05, 1], "mesh" : 16, "name" : "#shield_recharge"}, {"matrix" : [7.54890320315528E-08, 1.0000001192033146, -3.4560428134763644E-06, 0, 3.738172992243905E-06, 3.4560425313686603E-06, 1.0000001191963304, 0, 0.9999999999930101, -7.55019421982972E-08, -3.738172285716601E-06, 0, 1.4517059326171875, 0.027471061795949936, 2.12877057492733E-05, 1], "mesh" : 17, "name" : "#target_main"}, {"children" : [5, 11, 33, 34, 35], "matrix" : [1.267590898912374E-06, 0.999999999999197, -4.703277494571591E-17, 0, 0.9999999999916919, -1.267590899578508E-06, -3.874301448895775E-06, 0, -3.874301448892663E-06, 4.910982225146411E-12, -0.9999999999924956, 0, 0, 39.438472747802734, 0, 1], "name" : "pelvis"}, {"matrix" : [1, 0, 0, 0, 0, -2.220446049250313E-16, -1.0000000000000002, 0, 0, 1.0000000000000002, -2.220446049250313E-16, 0, 0, 0, 0, 1], "mesh" : 18, "name" : "arms:base"}, {"matrix" : [1, 0, 0, 0, 0, -2.220446049250313E-16, -1.0000000000000002, 0, 0, 1.0000000000000002, -2.220446049250313E-16, 0, 0, 0, 0, 1], "mesh" : 19, "name" : "body:base"}, {"matrix" : [1, 0, 0, 0, 0, -2.220446049250313E-16, -1.0000000000000002, 0, 0, 1.0000000000000002, -2.220446049250313E-16, 0, 0, 0, 0, 1], "mesh" : 20, "name" : "helmet:base"}, {"matrix" : [1, 0, 0, 0, 0, -2.220446049250313E-16, -1.0000000000000002, 0, 0, 1.0000000000000002, -2.220446049250313E-16, 0, 0, 0, 0, 1], "mesh" : 21, "name" : "legs:base"}], "scene" : 0, "scenes" : [{"nodes" : [36, 37, 38, 39, 40]}]}